100
0
100
90
100
100
100
100
100
85
100
0
85
100
90
100
85
85
90
90
85
100
100
100
100
100
100
100
90
85
100
85
100
100
100
90
80
100
100
95
100
95
95
100
100
100
90
100
85
100
100
100
75
90
100
100
95
90
50
100
75
100
100
100
100
100
100
100
0
100
95
100
30
100
100
100
100
100
95
95
100
100
100
90
100
85
95
80
100
85
90
30
80
100
90
100
80
100
100
100
100
90
100
100
30
100
90
0
90
95
100
100
90
100
100
75
95
100
100
100
100
100
100
100
100
100
100
0
100
75
85
85
100
95
90
100
100
100
100
100
100
100
100
100
100
95
90
100
100
100
100
100
100
85
100
85
90
100
100
100
100
100
100
95
95
100
100
100
100
90
85
90
100
90
95
90
85
90
95
100
85
100
100
100
100
100
100
100
0
100
100
90
100
90
75
100
100
100
100
100
100
90
100
80
100
100
0
80
100
90
100
100
85
85
100
100
100
100
95
100
90
100
100
95
100
100
0
100
100
100
100
100
100
100
90
100
90
100
100
100
95
95
95
100
0
100
90
90
70
85
100
100
100
100
100
90
100
0
100
100
100
0
100
100
90
100
100
100
100
100
100
100
100
95
100
100
100
100
100
100
100
85
100
85
100
100
100
70
100
90
90
100
100
100
95
100
100
100
90
100
100
70
90
80
90
100
0
100
90
95
100
50
100
100
100
90
90
90
100
0
75
100
100
85
100
100
85
95
100
85
100
95
100
100
85
100
85
90
100
100
100
100
100
100
90
100
100
100
100
100
90
100
100
100
100
85
100
30
0
100
100
100
100
100
70
95
100
100
90
95
100
95
100
100
100
0
100
100
70
100
100
100
0
100
100
100
100
100
100
100
100
100
100
85
100
50
0
0
0
0
0
0
0
0
100
0
100
0
100
0
0
0
0
0
0
0
0
100
0
0
100
0
0
100
0
0
0
0
0
100
0
0
80
0
0
0
0
0
100
0
0
100
0
0
100
100
0
100
0
100
100
100
100
0
0
0
0
100
100
0
100
55
0
0
100
0
0
0
0
0
0
0
0
0
100
0
0
0
0
0
0
0
0
60
0
0
0
0
80
0
90
100
0
0
75
0
0
0
0
0
0
0
0
0
0
100
85
0
0
0
0
0
0
0
0
0
0
0
0
0
0
100
100
0
0
100
0
0
90
75
100
0
0
0
0
0
100
100
0
0
0
0
0
0
0
0
0
0
0
0
0
0
0
0
100
0
100
85
0
0
0
100
55
0
0
0
75
0
100
0
100
0
0
0
0
100
0
100
0
0
0
95
75
0
0
55
90
0
75
100
100
0
0
0
100
0
100
100
0
0
100
100
100
100
90
0
0
100
0
100
100
0
0
0
85
0
0
0
0
100
0
