55
60
40
90
15
60
30
90
60
15
0
0
15
60
85
85
130
65
25
50
85
120
75
60
60
40
25
70
60
35
120
18
10
0
60
100
100
70
80
75
0
50
100
80
80
70
35
30
15
120
120
80
100
60
75
80
80
40
100
100
100
0
250
80
70
40
40
30
60
30
65
75
0
0
50
60
120
0
90
80
150
60
95
140
0
15
40
18
100
50
150
0
120
0
100
120
150
70
60
0
0
130
40
65
0
75
80
100
30
65
75
40
85
25
80
100
100
50
65
90
140
90
20
30
0
65
40
60
0
120
80
120
0
50
90
0
60
70
20
120
40
50
35
90
90
25
90
60
50
80
15
50
40
120
40
120
0
70
0
40
40
20
20
55
75
70
0
60
0
25
90
75
40
50
60
150
60
30
100
90
35
40
70
80
0
200
70
120
60
40
130
140
60
85
80
70
50
70
65
20
65
70
65
100
60
80
50
80
80
0
120
50
25
90
60
90
90
120
65
75
10
25
70
180
55
45
70
120
70
15
80
90
60
120
15
80
80
20
40
40
100
60
75
60
80
65
120
150
110
130
140
65
40
65
90
50
65
50
50
80
80
40
80
140
130
60
85
0
50
100
90
40
0
55
40
90
150
80
40
80
0
110
80
35
70
90
80
120
70
150
60
100
120
75
65
0
80
40
95
65
60
110
150
110
150
90
80
90
140
55
60
100
20
100
80
130
65
140
70
60
100
40
0
65
70
95
65
55
20
90
65
85
0
80
65
60
110
130
50
120
40
80
65
90
140
80
100
0
80
75
150
60
80
100
85
120
80
0
60
75
60
65
90
95
30
55
50
120
0
100
0
110
20
50
90
60
120
120
110
40
90
80
0
40
90
40
65
70
40
80
60
150
50
35
0
120
0
0
0
0
0
0
0
0
0
0
0
0
0
0
0
0
0
0
0
0
0
0
0
0
0
0
0
0
0
0
0
0
0
0
0
0
0
0
0
0
0
0
0
0
0
0
0
0
0
0
0
0
0
0
0
0
0
0
0
0
0
0
0
0
0
0
0
0
0
0
0
0
0
0
0
0
0
0
0
0
0
0
0
0
0
0
0
0
0
0
0
0
0
0
0
0
0
0
0
0
0
0
0
0
0
0
0
0
0
0
0
0
0
0
0
0
0
0
0
0
0
0
0
0
0
0
0
0
0
0
0
0
0
0
0
0
0
0
0
0
0
0
0
0
0
0
0
0
0
0
0
0
0
0
0
0
0
0
0
0
0
0
0
0
0
0
0
0
0
0
0
0
0
0
0
0
0
0
0
0
0
0
0
0
0
0
0
0
0
0
0
0
0
0
0
0
0
0
0
0
0
0
0
0
0
0
0
0
0
0
0
0
0
0
0
0
0
0
0
0
0
0
0
0
0
