30
20
45
35
25
90
150
70
95
55
65
110
125
155
20
35
60
90
65
65
90
130
150
10
125
185
45
35
70
35
50
30
60
45
90
90
73
47
95
125
25
85
29
59
79
69
94
30
80
50
76
120
53
63
103
45
55
100
65
95
75
135
47
77
40
70
109
85
60
120
35
22
52
155
65
85
95
60
90
90
134
164
55
90
70
100
75
85
90
120
140
115
120
130
150
125
63
93
92
90
120
90
120
50
88
72
82
117
75
90
65
105
85
125
55
65
65
85
105
95
124
54
92
131
160
130
64
84
134
95
95
110
70
100
70
110
75
95
135
145
80
100
90
130
150
180
70
90
130
170
120
120
100
120
120
87
117
147
120
65
85
105
120
150
130
170
120
75
89
121
50
75
100
30
70
100
55
90
35
60
30
50
83
65
90
38
58
40
40
55
75
95
63
85
45
75
75
50
40
65
85
120
45
70
123
50
65
65
65
65
65
120
60
100
75
47
77
55
85
115
66
115
105
150
38
55
58
80
105
95
80
100
130
120
105
190
125
185
35
95
85
120
160
130
60
120
40
60
100
78
104
136
70
110
145
61
106
125
165
120
93
123
80
105
140
100
125
75
90
85
125
90
129
90
72
72
128
107
82
124
92
52
64
84
130
104
41
76
70
110
85
100
95
130
100
52
64
84
40
50
60
90
90
75
115
130
60
85
120
160
60
100
120
85
180
58
78
104
95
65
90
120
100
63
93
123
53
98
90
140
30
30
40
55
97
85
60
120
45
59
69
73
81
50
68
110
84
104
45
45
60
80
80
60
90
45
80
65
85
110
110
155
125
105
135
85
90
100
134
30
50
20
35
90
40
50
75
35
45
55
65
85
75
55
40
80
90
130
70
55
85
30
50
60
90
40
70
68
135
145
150
180
55
75
120
94
30
80
50
80
125
65
20
50
76
95
65
103
120
55
77
115
45
57
58
112
140
44
87
75
83
123
55
65
115
100
115
105
125
145
50
73
81
52
92
30
70
131
35
50
65
65
60
90
75
85
75
115
165
40
70
50
80
60
92
100
80
50
100
120
120
30
50
40
60
30
40
55
74
124
80
110
50
150
70
110
66
66
66
66
90
85
95
100
110
49
62
82
100
50
65
80
70
95
75
90
105
40
95
55
49
62
82
80
35
45
55
30
75
100
45
65
85
110
30
50
70
40
70
100
40
130
60
85
115
41
81
68
68
89
109
30
70
59
35
60
100
62
92
132
100
110
65
100
103
120
45
60
75
53
98
53
63
103
27
67
35
60
86
60
100
55
85
50
94
90
61
78
107
65
100
70
110
66
66
66
66
90
85
95
100
75
100
92
102
55
80
80
95
120
45
50
80
85
130
45
85
75
85
125
50
100
60
120
64
84
85
110
150
45
60
100
120
100
70
100
48
78
40
70
150
180
109
79
83
70
90
130
170
72
112
140
95
130
120
85
135
65
95
72
82
117
66
74
124
125
145
56
100
70
95
50
85
85
95
50
100
55
30
50
80
120
40
60
80
50
62
92
132
120
60
130
80
65
120
50
65
95
70
110
50
130
170
120
59
77
69
117
45
60
80
80
56
81
60
90
45
70
45
70
65
85
110
55
5
95
125
100
48
55
60
110
46
76
30
50
30
70
80
70
80
130
80
95
20
80
10
30
70
55
85
60
80
160
51
71
91
20
45
65
60
40
115
70
90
55
75
120
45
85
100
66
76
136
55
82
5
65
85
85
80
160
120
55
85
60
80
110
55
77
115
60
60
50
95
60
100
110
83
123
77
128
36
56
50
50
68
80
38
55
49
62
82
100
35
25
90
150
60
85
47
62
92
57
72
102
45
80
50
65
80
55
65
75
90
105
40
70
80
105
35
50
65
65
65
90
60
90
90
95
50
60
43
73
100
30
70
63
93
50
90
61
106
120
45
55
100
50
95
55
85
60
75
80
95
120
45
85
130
40
60
80
115
105
135
100
10
50
55
64
84
134
164
45
70
90
110
55
95
41
81
95
125
90
100
125
165
42
52
80
140
55
120
75
105
135
65
95
78
108
112
140
129
52
105
89
121
59
77
50
100
160
35
60
90
85
125
130
150
80
85
105
70
90
110
140
55
75
135
145
75
100
86
42
52
69
24
89
110
145
70
55
120
90
120
135
135
50
94
55
80
100
85
125
109
90
120
80
110
50
150
80
48
63
83
103
52
82
50
65
95
40
70
65
75
75
45
70
65
95
105
130
40
65
67
92
45
75
10
125
155
85
65
40
60
80
115
65
80
105
38
58
20
50
75
45
85
75
95
55
65
105
40
95
75
70
85
110
150
30
50
70
30
50
30
90
120
140
70
90
48
78
80
120
15
60
40
60
80
64
104
84
90
30
100
150
51
66
86
85
65
105
48
83
49
69
20
65
120
80
100
120
55
75
100
53
98
50
65
95
92
92
78
108
44
87
40
60
75
72
72
56
63
95
52
105
60
53
73
110
45
70
45
70
25
30
20
40
20
50
80
120
25
35
65
85
20
85
105
110
50
120
60
27
67
38
45
65
65
52
72
48
80
65
58
50
80
131
100
160
20
35
50
50
65
75
75
48
73
40
95
75
50
110
190
150
100
50
75
65
75
72
33
80
30
90
100
25
35
65
85
40
60
100
25
45
55
95
40
70
50
23
55
75
135
145
80
100
90
130
100
150
30
24
89
125
165
75
105
125
70
120
100
25
55
45
57
30
58
30
45
55
30
40
65
55
75
77
69
48
48
54
92
110
160
