35
55
50
30
50
40
40
55
80
50
60
80
100
120
30
50
40
70
45
90
140
100
140
230
75
115
35
55
50
55
70
32
62
90
45
45
55
55
50
100
41
51
45
85
105
95
50
42
102
90
86
120
70
90
80
59
99
89
85
125
45
105
50
60
85
40
112
55
65
95
40
60
50
109
110
42
55
30
50
90
110
150
35
70
40
60
75
125
20
40
70
60
85
60
60
52
47
67
108
110
65
90
120
37
50
35
45
80
70
115
40
60
70
100
75
105
50
70
90
67
78
53
88
95
60
111
45
65
95
105
95
75
50
80
90
110
60
100
80
130
90
120
80
100
90
100
45
65
95
115
120
100
120
100
120
60
70
90
90
50
70
90
100
120
90
100
90
90
77
119
35
53
70
35
80
121
40
55
70
95
50
70
57
60
85
38
58
15
40
55
85
105
37
75
40
60
80
40
50
34
49
79
70
115
67
77
107
107
107
107
107
120
32
63
60
50
60
40
70
80
84
70
70
120
33
52
57
35
60
95
50
70
80
53
79
100
75
115
35
95
60
70
80
80
30
60
55
75
85
52
71
94
40
70
88
40
65
65
95
120
55
65
55
85
95
85
75
70
115
50
60
129
90
72
90
90
90
122
62
78
75
43
58
78
111
78
40
75
45
80
55
70
57
60
90
43
58
78
40
120
30
50
90
37
85
90
40
60
70
80
40
70
100
140
160
44
52
71
67
107
106
120
100
45
55
65
48
63
45
55
105
55
60
90
66
55
65
100
40
58
72
55
71
58
72
120
78
78
50
40
55
75
80
30
65
35
70
55
45
70
80
120
79
65
85
100
85
90
95
30
50
30
50
80
85
45
70
40
50
70
45
42
105
45
70
140
130
90
50
30
60
30
100
62
45
60
90
83
80
130
90
100
30
50
70
50
42
102
34
44
52
45
50
95
86
125
107
75
120
50
62
80
43
55
80
45
65
50
63
60
50
75
75
105
70
80
70
70
90
90
43
55
71
50
75
35
80
95
30
45
60
80
60
45
75
125
35
65
75
90
130
34
44
60
108
135
70
77
120
100
120
85
145
50
70
55
60
90
50
80
100
150
150
50
48
76
70
70
70
70
122
122
122
122
60
49
63
83
123
55
70
85
55
80
35
50
65
80
85
115
65
80
100
95
40
50
70
30
55
100
35
45
65
75
30
50
70
50
40
60
60
80
45
40
60
77
97
83
64
85
105
35
65
85
45
70
72
50
75
105
125
130
107
100
75
120
55
75
95
48
63
70
90
80
60
85
50
75
67
50
70
45
70
91
131
72
65
95
122
48
62
48
76
70
70
70
70
122
122
122
122
85
110
87
77
25
50
100
115
130
160
95
110
95
120
45
85
105
200
230
40
80
60
120
50
70
70
90
110
90
40
70
100
45
50
80
43
73
55
105
140
160
105
105
68
45
65
95
115
78
118
130
125
80
120
40
60
55
75
35
45
80
84
50
80
90
90
77
121
80
180
35
80
100
55
40
80
45
15
50
80
80
50
70
90
100
50
75
105
65
110
80
70
107
120
50
65
85
40
80
30
90
100
90
50
72
85
184
40
55
75
80
35
60
30
65
20
45
35
60
55
45
70
75
5
80
100
95
48
50
70
65
34
64
30
50
15
55
65
70
50
75
90
62
35
105
10
41
61
30
60
60
80
100
23
43
63
40
45
65
60
60
60
70
70
30
50
70
40
60
66
44
84
94
42
64
5
45
40
95
70
110
120
39
69
45
65
90
50
62
80
86
126
40
60
50
70
95
50
75
77
90
38
77
43
58
72
60
33
52
49
63
83
123
30
50
40
40
44
69
52
67
87
40
57
77
35
70
55
70
85
50
60
35
50
65
35
65
50
75
30
45
60
80
95
120
40
70
80
75
70
45
53
83
60
35
65
47
67
90
110
40
65
120
59
99
89
62
82
45
70
60
90
100
115
130
160
95
120
100
125
90
105
65
85
115
230
120
85
50
70
110
150
135
100
140
180
65
85
77
97
50
100
130
200
40
60
118
168
95
130
145
120
85
105
130
85
125
103
133
45
65
90
67
115
77
119
50
72
150
150
110
70
95
140
200
230
100
140
140
85
125
100
140
180
230
80
100
130
150
150
100
88
118
168
95
86
116
70
88
115
145
120
106
120
60
105
91
131
70
95
115
70
100
112
129
95
100
150
150
50
91
65
80
100
120
48
78
40
65
95
35
65
65
110
180
55
80
100
180
90
115
70
95
60
65
55
85
55
79
109
80
60
100
125
90
105
64
80
100
38
58
50
80
75
45
85
80
75
85
35
75
70
95
115
50
70
90
110
30
50
70
30
100
32
20
40
70
35
45
43
73
65
85
20
79
50
70
90
85
105
105
130
55
90
90
53
68
88
60
35
55
48
68
56
76
50
107
100
80
100
120
45
60
85
48
63
40
55
75
65
65
103
133
50
63
50
70
80
90
90
40
52
67
67
115
60
62
88
120
48
73
20
45
28
15
65
85
50
80
50
75
25
35
65
65
40
85
125
110
95
120
126
60
85
39
47
67
68
60
72
66
86
65
57
150
91
95
150
110
15
30
45
65
65
110
180
45
70
80
85
85
35
90
100
70
100
45
70
60
80
48
58
65
15
130
100
25
35
65
65
55
75
85
35
65
65
85
55
105
70
48
80
100
130
150
90
120
80
100
100
50
50
86
116
65
95
130
105
70
120
120
100
45
85
43
55
105
80
50
70
95
40
50
75
55
75
77
72
54
76
53
88
60
60
