45
50
60
40
45
65
65
35
60
60
70
70
65
65
40
55
40
70
65
50
75
70
70
20
80
80
45
50
60
50
60
40
70
31
61
1
65
65
45
75
37
77
40
60
60
60
70
30
70
40
86
120
45
55
75
30
40
60
50
70
50
70
50
70
50
80
58
55
85
71
38
45
80
95
95
60
55
45
75
75
100
100
35
70
70
90
50
50
45
70
70
70
63
65
65
100
63
103
50
70
70
70
120
41
64
50
60
95
50
65
40
60
45
65
70
110
52
72
92
72
95
53
86
126
80
78
41
61
91
90
75
70
50
80
75
75
45
65
95
95
80
80
80
80
105
105
58
68
108
108
100
90
150
150
120
46
66
76
77
52
72
92
100
100
125
125
125
65
58
82
45
68
90
40
85
108
35
60
25
50
40
60
65
65
90
75
125
20
55
70
90
90
45
90
40
70
70
60
60
45
60
80
60
70
75
50
50
50
50
50
50
120
45
75
55
50
70
35
65
85
109
79
79
100
44
62
67
40
65
90
70
80
90
50
50
106
80
80
35
50
60
80
80
60
72
144
30
60
60
64
76
65
40
70
70
48
83
68
68
120
90
110
75
85
105
120
75
50
65
45
65
91
91
91
91
91
100
88
67
95
78
39
58
78
78
78
38
73
55
90
50
65
65
65
90
39
58
78
40
50
45
75
75
45
115
106
45
60
80
80
60
70
70
70
100
44
64
76
75
50
91
120
100
65
90
110
50
75
70
105
105
50
60
60
85
55
85
100
40
59
75
62
78
62
86
80
78
78
60
40
63
83
83
40
65
40
75
52
35
60
70
65
95
80
80
90
90
90
91
60
100
40
55
85
55
40
65
35
55
75
65
60
65
45
65
65
106
106
60
40
60
40
60
70
61
45
75
99
95
95
105
105
40
55
85
70
30
70
90
150
100
76
45
85
86
75
50
100
120
50
62
80
55
67
72
55
75
62
75
55
70
100
70
110
79
79
79
79
89
89
45
62
78
80
78
40
85
126
30
45
60
60
60
1
50
50
44
64
64
20
40
90
150
60
50
45
70
50
150
150
120
38
58
55
100
50
60
60
59
89
45
59
60
60
43
85
49
44
54
59
65
55
75
85
80
45
60
80
80
45
60
75
35
60
50
65
80
60
95
65
45
60
80
75
35
55
75
30
75
100
40
50
70
70
40
60
80
40
70
90
60
60
50
50
70
66
86
99
55
75
95
40
60
60
45
70
74
60
90
90
100
65
50
100
100
120
45
60
75
50
75
45
55
75
40
60
45
70
75
60
80
69
114
44
74
91
56
61
88
66
123
43
85
49
44
54
59
65
55
75
85
50
75
90
81
10
35
40
55
80
35
50
60
80
105
55
95
65
75
75
50
100
90
90
50
70
70
100
100
31
60
70
70
45
50
80
50
110
40
60
100
100
95
60
111
58
68
108
108
68
108
115
75
110
120
60
110
75
105
50
60
95
109
59
89
89
89
85
108
90
50
65
130
90
55
50
100
45
45
50
80
80
70
90
110
80
60
90
90
70
65
110
70
50
120
36
51
71
55
95
70
125
125
125
77
123
55
95
40
63
83
83
30
55
40
65
115
140
40
65
52
35
60
90
250
105
105
75
48
55
65
160
35
85
60
100
90
55
70
100
60
90
85
73
55
95
255
38
78
40
60
60
80
150
64
84
104
50
50
70
60
45
73
70
60
40
55
85
59
79
75
55
65
65
49
71
100
76
135
110
85
110
120
45
60
45
65
85
50
62
80
103
103
55
75
60
80
95
70
100
100
100
38
85
45
62
86
75
44
62
45
60
80
80
40
45
65
65
35
60
55
70
90
46
61
81
40
75
45
60
75
60
70
50
65
80
40
80
80
105
30
45
60
60
40
65
40
70
85
65
60
50
70
100
73
40
60
63
103
40
70
48
83
120
30
40
60
50
80
69
114
50
65
40
55
80
35
80
105
35
70
30
60
80
80
70
20
50
55
50
70
100
100
30
50
60
70
70
70
66
86
45
75
100
80
67
97
30
60
50
115
60
120
55
70
85
50
70
54
74
55
75
91
42
72
58
82
77
123
50
50
50
25
50
75
75
75
70
70
65
50
50
50
60
70
70
40
60
80
80
80
100
84
30
60
60
57
67
70
70
70
60
100
91
120
110
70
44
74
40
60
60
45
65
58
91
71
45
59
60
60
57
44
59
79
79
50
80
40
65
90
40
80
90
95
95
65
90
30
50
30
55
30
55
45
80
30
60
20
95
95
130
130
35
70
30
60
50
65
85
75
125
70
100
90
55
95
95
65
55
35
75
65
75
100
50
70
100
100
40
60
80
40
60
40
45
70
70
130
170
50
110
43
63
20
95
70
90
110
35
55
55
100
43
100
100
53
64
84
79
55
85
76
111
49
69
45
50
90
80
100
120
55
75
95
50
75
50
75
105
70
70
54
74
62
75
55
100
165
91
91
41
54
72
42
72
50
50
71
80
70
95
115
140
50
90
35
55
70
100
60
90
28
38
68
68
50
50
50
75
85
120
103
40
60
44
54
74
78
78
101
62
82
95
67
50
57
126
50
50
25
40
55
55
90
95
95
60
85
60
95
60
65
106
106
106
100
40
65
65
95
48
190
70
45
106
100
28
38
68
68
30
60
60
60
80
70
70
40
60
65
95
40
60
80
80
80
80
80
80
100
50
45
57
67
68
68
75
80
75
120
120
100
76
116
55
67
105
72
45
60
70
45
65
110
55
75
100
75
62
74
53
86
80
80
