45
30
70
50
35
75
145
25
30
45
90
105
85
105
55
85
30
40
95
15
40
65
75
5
85
75
20
15
65
15
65
65
60
40
160
40
85
85
75
45
25
65
36
36
36
36
66
70
40
65
95
120
42
42
92
57
47
112
55
45
60
20
65
108
25
145
109
60
100
99
35
29
89
81
65
91
115
65
95
115
61
71
35
70
60
80
50
20
65
95
105
55
55
75
115
71
74
84
35
95
125
125
120
66
106
65
74
92
48
58
65
105
60
70
60
80
38
58
98
122
58
45
73
99
80
100
50
70
80
45
85
145
70
100
80
80
50
50
100
120
110
110
110
110
95
115
42
82
102
92
90
100
90
90
120
57
67
97
48
38
58
98
90
90
95
95
95
44
48
71
40
60
80
55
123
95
90
110
45
70
100
140
105
130
100
67
67
60
35
45
55
45
95
115
65
105
135
95
95
45
60
70
95
60
95
91
86
86
86
86
86
120
76
116
103
65
108
60
40
50
32
111
101
90
70
109
101
70
95
70
35
45
55
87
76
130
85
75
35
70
55
80
100
70
25
50
60
80
100
81
108
135
60
90
112
50
85
80
110
120
55
65
35
40
45
45
85
48
58
65
105
108
108
108
108
108
128
64
43
58
118
65
80
100
100
100
65
100
60
95
90
105
93
65
90
65
80
100
20
30
65
95
115
83
100
90
45
55
80
100
35
40
20
20
90
61
81
108
83
86
77
120
100
45
55
65
64
101
50
95
55
20
55
80
65
60
100
90
60
73
104
84
126
72
106
70
100
100
70
56
71
101
121
70
100
55
90
60
75
100
105
105
81
130
150
85
100
90
80
50
70
55
85
130
40
70
95
50
80
110
95
91
85
75
70
70
110
90
65
85
125
85
65
60
160
50
80
51
100
120
95
115
60
80
100
66
70
40
70
80
71
91
50
80
95
95
86
127
120
43
65
93
72
114
97
70
110
55
98
103
60
80
60
80
111
121
111
101
101
91
62
84
126
89
118
55
123
99
80
95
110
130
85
40
50
20
45
65
75
25
25
70
80
105
35
45
110
91
90
90
120
30
30
40
60
20
55
80
35
55
28
35
60
60
38
56
51
56
46
41
84
99
69
54
70
45
60
80
80
30
40
50
25
30
40
55
70
40
55
60
45
60
80
50
50
80
110
30
30
100
70
95
120
145
30
50
70
30
60
80
35
70
65
35
55
23
43
51
31
36
56
55
90
36
35
85
46
40
60
30
50
95
86
100
127
120
63
83
113
64
101
42
42
92
66
116
30
90
60
75
95
15
30
10
20
108
38
57
64
52
68
38
56
51
56
46
41
84
99
69
54
40
65
76
85
95
120
20
35
45
70
35
45
25
40
15
35
85
30
30
50
50
40
50
41
51
50
60
70
40
35
40
20
10
70
100
60
60
55
75
90
90
56
36
39
42
82
102
92
32
47
40
95
80
120
68
88
69
74
65
74
92
32
35
55
101
91
78
95
70
70
95
60
85
115
50
50
75
65
50
80
100
25
45
65
50
40
60
30
125
65
80
110
86
120
44
59
79
40
50
105
95
95
95
46
58
28
28
56
71
101
121
72
97
70
100
20
45
90
115
60
75
100
30
50
90
100
110
48
55
40
30
20
90
50
70
15
85
85
45
40
55
60
85
75
100
55
60
100
85
125
30
90
100
28
48
68
20
50
70
60
50
90
70
40
60
80
100
31
71
115
85
105
135
85
112
30
91
5
50
90
100
120
42
77
55
60
80
43
65
93
50
50
75
115
75
95
55
60
80
90
128
57
78
62
72
106
102
70
109
45
60
80
80
50
35
75
145
55
80
41
56
76
50
65
85
55
90
30
40
50
45
90
40
55
70
70
100
25
50
80
95
110
130
35
60
30
40
130
85
65
65
40
55
65
55
90
74
84
65
95
50
85
120
57
47
112
65
75
15
30
30
44
20
35
45
70
25
40
35
55
55
80
130
150
30
5
30
35
41
51
61
71
30
30
40
50
70
70
23
43
75
45
55
50
58
58
30
30
10
40
40
120
15
20
25
55
45
22
32
70
110
108
50
68
48
71
46
58
50
50
110
45
70
40
30
30
65
75
70
50
50
30
40
50
50
30
50
70
110
50
100
60
30
30
36
23
33
90
112
60
40
90
77
120
88
20
10
20
30
50
90
60
70
109
108
99
28
35
60
60
75
43
58
78
78
55
85
90
90
70
70
100
15
30
30
45
70
40
70
50
75
60
85
63
68
85
115
80
81
81
60
65
35
55
55
80
43
58
78
67
67
40
50
70
15
35
30
85
35
65
45
70
85
85
40
50
60
70
30
50
70
85
65
65
65
95
105
60
60
60
60
35
55
80
81
25
45
65
32
52
52
55
97
90
90
40
50
60
71
85
115
34
39
66
91
50
86
100
80
100
120
45
60
70
64
101
64
69
74
98
98
22
32
55
98
40
60
65
108
108
71
97
122
50
68
30
44
59
70
35
60
20
45
15
15
20
40
40
50
30
45
40
50
80
100
20
50
50
80
80
120
50
66
116
42
52
92
75
23
29
49
72
60
101
50
75
99
50
110
90
105
120
150
15
30
30
42
67
40
55
115
95
130
130
140
100
70
95
110
30
48
33
85
65
110
100
40
50
80
100
60
80
100
60
80
70
70
55
75
65
23
30
50
70
110
110
110
110
110
100
150
45
23
33
80
110
95
80
115
85
120
100
24
29
72
114
55
97
45
55
65
20
30
30
30
40
90
104
68
104
45
73
70
80
