20
25
80
20
25
80
80
55
80
55
75
80
70
90
80
110
40
60
45
35
60
80
100
230
95
105
30
25
50
25
90
52
82
30
50
30
75
75
50
80
41
51
45
105
85
95
50
42
102
55
56
120
60
80
80
39
79
69
35
75
45
105
50
60
65
60
48
55
105
95
25
30
50
130
130
42
75
50
80
90
100
120
30
60
40
60
65
115
20
40
65
60
55
60
60
52
41
61
108
75
85
90
120
37
50
35
45
70
70
115
40
60
40
70
65
95
50
70
90
71
71
46
75
98
130
85
50
70
100
110
95
85
50
80
105
105
30
50
80
90
130
150
110
120
90
100
45
55
85
95
100
120
120
100
120
40
50
70
90
50
70
90
120
100
90
90
100
123
45
59
75
113
150
40
80
95
50
80
55
70
55
80
85
95
90
56
76
35
45
60
90
110
55
100
40
60
80
75
85
34
49
79
90
90
85
77
107
107
107
107
107
120
32
63
60
50
60
40
70
80
99
80
80
100
43
94
67
45
70
90
35
60
85
110
110
100
95
105
35
110
60
70
80
60
30
60
55
75
85
52
71
96
40
70
70
40
65
115
115
120
55
65
35
50
65
85
75
70
115
50
60
72
90
129
90
90
77
75
48
71
63
50
65
85
85
115
65
100
50
80
65
80
85
110
85
50
65
85
40
80
50
80
90
55
75
154
50
60
70
80
45
75
105
70
90
44
52
71
95
107
106
120
100
45
55
65
48
63
45
55
105
55
60
90
66
55
105
120
60
70
100
52
69
54
66
90
85
115
80
35
50
70
80
31
61
40
75
62
35
60
80
90
100
75
95
125
90
85
100
56
96
80
110
80
105
45
70
55
65
95
45
42
65
45
140
70
154
154
50
30
50
30
70
82
50
75
105
87
80
90
90
100
30
40
60
50
42
102
44
54
52
42
120
115
56
75
107
75
120
30
42
55
43
55
80
45
65
50
63
60
50
75
65
95
80
90
80
80
80
80
38
52
69
50
63
40
80
98
35
55
75
95
85
30
65
115
33
63
83
90
130
44
54
105
108
135
70
77
120
100
120
65
105
85
105
55
60
90
50
80
37
49
150
50
60
82
55
55
55
55
75
75
75
75
130
65
80
100
120
65
75
90
55
80
30
45
70
45
65
40
65
80
100
100
55
65
95
30
85
100
55
65
85
85
50
70
100
30
40
60
60
60
80
40
60
87
107
87
55
65
85
70
105
105
53
78
72
60
85
105
50
65
107
100
75
120
55
75
95
48
63
60
80
80
50
75
50
75
67
50
70
55
80
86
116
129
45
58
75
57
81
60
82
55
55
55
55
75
75
75
75
30
55
85
75
45
70
30
45
65
45
50
80
30
45
25
65
65
65
95
30
60
40
60
50
70
70
90
110
30
45
75
105
45
50
80
41
71
70
120
90
90
85
85
82
45
55
85
95
42
72
55
75
60
120
45
65
55
75
35
45
70
99
50
80
80
80
77
95
95
45
95
95
125
75
30
60
45
65
50
80
80
50
70
90
200
60
85
105
85
95
60
70
107
120
60
75
95
40
80
135
90
90
100
63
92
35
46
35
50
70
80
35
70
31
61
25
50
40
65
62
35
60
75
105
80
100
70
48
65
75
110
45
55
56
96
20
55
65
65
50
75
95
65
45
70
135
41
61
30
50
35
55
65
23
43
73
40
35
55
60
75
60
70
120
30
40
60
40
60
66
56
96
96
37
59
65
42
85
95
75
110
120
39
69
45
65
90
30
42
55
86
126
40
60
50
70
95
50
75
128
77
36
77
38
54
66
90
43
94
65
80
100
120
20
25
80
80
54
79
40
55
85
40
55
75
40
75
65
75
90
55
75
30
45
70
100
120
50
100
35
55
75
95
45
70
40
60
80
55
90
80
53
83
60
70
105
41
61
55
75
40
65
120
39
79
69
62
82
55
80
60
123
30
45
65
45
30
45
55
70
45
70
75
95
65
230
80
85
50
70
100
120
90
40
50
60
85
65
87
107
50
80
65
100
30
50
88
138
45
55
150
120
25
40
80
35
75
45
65
45
65
90
56
86
45
59
63
92
150
150
110
55
70
60
65
95
80
100
70
55
95
40
50
60
80
60
80
90
110
150
100
101
88
138
95
86
116
70
70
90
150
100
106
120
65
105
86
116
60
85
85
40
70
48
72
95
37
49
150
50
87
64
80
105
115
50
80
40
50
90
100
120
40
80
80
70
95
25
45
25
50
25
45
50
80
55
85
20
100
130
95
95
55
70
45
70
48
63
83
56
76
50
80
100
25
65
110
55
85
35
75
140
95
115
50
70
90
110
50
70
100
30
70
52
20
40
65
35
45
41
71
35
55
55
125
50
70
90
55
75
75
65
65
140
160
56
76
101
60
30
50
62
82
61
86
120
107
120
80
100
120
45
60
70
48
63
40
55
75
55
55
45
65
50
63
85
105
45
90
90
44
56
71
56
86
60
63
89
90
65
90
25
50
55
20
65
105
50
80
40
60
35
55
115
135
40
55
95
105
115
120
126
50
75
79
98
128
154
65
89
57
75
130
67
150
87
98
150
110
55
70
95
95
40
80
80
90
115
45
65
85
95
90
100
120
100
45
70
95
110
48
58
65
65
154
100
35
55
115
135
55
75
85
80
110
85
65
70
120
80
48
60
80
90
110
130
150
110
120
100
50
50
86
116
115
115
130
105
70
130
120
100
55
95
43
55
105
80
65
85
110
50
60
85
55
95
128
100
60
81
46
75
130
130
