20
25
90
20
25
45
15
45
60
40
90
55
55
65
40
55
40
60
75
35
60
55
65
10
40
40
20
25
100
25
50
50
80
30
50
30
47
73
40
70
25
55
29
79
59
69
94
30
80
30
116
120
40
50
70
30
40
55
35
65
40
60
57
97
40
100
48
50
135
120
27
27
90
70
60
85
35
80
110
140
95
95
30
60
60
90
65
85
65
95
110
115
90
75
115
105
41
71
92
60
45
135
120
50
88
35
45
65
35
45
80
120
40
60
45
55
45
65
125
103
69
37
68
131
170
130
50
70
100
165
95
145
50
80
70
110
40
60
110
120
110
140
130
160
150
180
40
50
80
120
150
150
100
120
120
30
40
60
60
45
65
125
150
120
130
120
170
97
45
69
55
83
110
45
97
81
50
90
95
120
55
80
95
110
125
56
76
35
65
80
115
165
65
115
65
105
135
85
75
40
60
95
45
130
95
95
105
105
105
105
105
120
50
80
75
57
97
45
75
105
81
125
145
120
61
109
81
35
60
70
35
50
65
35
35
154
40
40
35
35
85
110
130
60
20
40
40
60
80
78
104
54
35
115
140
61
86
65
65
120
70
100
25
40
55
30
30
35
45
55
95
90
72
90
129
129
77
74
46
69
74
60
80
109
130
159
50
81
70
100
65
80
100
95
125
60
80
109
70
80
80
110
140
70
90
110
70
85
110
130
65
105
145
85
150
58
78
104
125
105
130
120
100
45
70
100
53
98
15
30
140
65
95
145
105
50
135
150
62
90
114
56
74
73
109
130
109
159
90
35
50
70
135
31
61
30
65
58
35
60
55
65
60
60
70
95
125
125
100
36
76
40
55
70
80
70
95
35
45
55
75
85
35
65
80
40
90
110
100
30
50
55
85
80
50
40
70
72
110
120
150
180
30
40
50
94
30
80
60
90
105
92
60
120
116
45
105
120
120
36
50
65
55
77
103
74
112
44
87
75
37
57
45
55
125
110
125
145
115
105
40
56
74
90
74
45
97
131
100
115
130
170
85
30
65
85
63
83
93
30
60
60
90
105
92
65
80
95
100
120
120
55
95
65
85
65
95
145
35
55
35
45
50
150
50
65
44
44
44
44
58
58
58
58
150
65
80
100
122
75
85
110
45
60
70
85
100
60
125
100
49
63
83
90
35
45
55
30
105
100
65
85
105
145
40
60
90
30
60
90
40
60
100
85
115
61
81
72
45
55
75
50
125
79
62
87
90
62
92
132
110
60
105
100
120
120
45
60
75
53
98
40
50
70
37
77
70
110
106
40
60
55
85
24
54
90
48
56
74
62
97
50
65
44
44
44
44
58
58
58
58
20
45
75
85
35
50
30
45
55
30
40
50
30
45
25
65
35
55
55
30
60
40
60
45
65
60
85
95
30
65
105
145
45
50
80
46
76
40
70
100
150
75
59
92
40
50
80
120
38
68
55
45
70
120
30
50
65
85
35
45
65
81
35
55
115
105
50
81
70
85
115
85
95
35
30
60
65
85
50
80
120
55
75
95
100
62
92
132
45
130
70
80
105
120
65
80
110
60
70
95
130
120
170
67
99
32
44
35
50
70
135
25
50
31
61
45
85
40
65
58
35
60
60
35
40
60
40
48
45
85
65
35
45
36
76
40
40
90
65
50
75
105
85
20
40
75
30
50
30
50
35
55
95
51
71
91
20
35
55
60
40
60
70
60
30
40
50
35
55
60
44
54
54
42
64
15
92
40
80
135
80
120
35
60
25
35
45
36
50
65
60
80
40
65
40
60
40
37
57
128
77
32
50
40
73
109
65
61
109
65
80
100
122
20
25
45
15
40
65
40
55
75
40
55
85
30
65
75
85
110
40
90
70
85
100
50
80
40
65
100
115
130
170
60
85
40
60
70
55
50
100
43
73
100
50
125
41
71
30
60
61
86
120
30
40
55
40
60
55
85
60
97
30
45
55
30
30
45
90
115
55
65
60
70
30
10
80
65
45
65
95
95
45
40
50
60
95
55
61
81
40
70
45
50
30
65
42
47
10
55
75
120
25
50
60
35
65
53
83
74
112
72
39
54
45
69
67
99
50
100
160
95
120
60
55
55
55
65
40
55
55
40
50
60
60
35
55
95
105
75
100
111
42
47
69
24
79
115
140
130
75
150
130
120
50
60
24
54
45
70
70
40
60
48
90
120
35
45
50
150
80
50
65
85
135
65
95
40
50
70
50
80
40
100
130
45
70
45
85
25
50
70
95
35
65
70
100
15
60
70
85
110
90
115
55
65
44
59
79
56
76
20
60
90
25
65
100
55
65
65
105
80
95
90
50
60
85
95
40
60
90
55
85
50
65
95
110
70
90
46
76
50
90
10
100
55
75
95
74
94
114
45
40
150
180
61
81
111
55
60
85
57
92
49
69
60
105
150
80
100
120
63
83
108
53
98
50
65
85
80
80
53
83
44
87
65
85
40
129
129
62
83
103
39
54
60
58
120
130
60
95
45
85
45
40
40
80
20
60
40
60
45
65
125
165
20
55
55
110
120
120
80
37
77
61
75
125
112
63
99
59
85
110
81
50
80
131
100
160
105
120
135
175
40
100
130
43
73
60
125
100
115
154
154
194
100
70
95
130
100
72
33
90
85
90
100
45
65
125
165
40
60
80
70
90
95
55
40
70
95
23
35
55
95
105
110
140
130
160
100
150
65
24
79
65
65
75
105
125
75
120
100
67
107
55
77
140
103
55
75
95
105
125
125
85
125
128
114
63
83
37
68
150
170
